%!PS
%%BoundingBox: -9 -108 236 9 
%%HiResBoundingBox: -8.61218 -107.71634 235.38342 8.61218 
%%Creator: MetaPost 2.02
%%CreationDate: 2026.03.21:2329
%%Pages: 1
%*Font: cmmi10 9.96265 9.96265 61:fc
%%BeginProlog
%%EndProlog
%%Page: 1 1
 0 0 0 setrgbcolor 0 0.5 dtransform truncate idtransform setlinewidth pop
 [] 0 setdash 1 setlinejoin 10 setmiterlimit
newpath 8.36218 0 moveto
8.36218 2.21788 7.481 4.34467 5.91284 5.91284 curveto
4.34467 7.481 2.21788 8.36218 0 8.36218 curveto
-2.21788 8.36218 -4.34467 7.481 -5.91284 5.91284 curveto
-7.481 4.34467 -8.36218 2.21788 -8.36218 0 curveto
-8.36218 -2.21788 -7.481 -4.34467 -5.91284 -5.91284 curveto
-4.34467 -7.481 -2.21788 -8.36218 0 -8.36218 curveto
2.21788 -8.36218 4.34467 -7.481 5.91284 -5.91284 curveto
7.481 -4.34467 8.36218 -2.21788 8.36218 0 curveto closepath stroke
 1 1 1 setrgbcolor
newpath 8.36218 0 moveto
8.36218 2.21788 7.481 4.34467 5.91284 5.91284 curveto
4.34467 7.481 2.21788 8.36218 0 8.36218 curveto
-2.21788 8.36218 -4.34467 7.481 -5.91284 5.91284 curveto
-7.481 4.34467 -8.36218 2.21788 -8.36218 0 curveto
-8.36218 -2.21788 -7.481 -4.34467 -5.91284 -5.91284 curveto
-4.34467 -7.481 -2.21788 -8.36218 0 -8.36218 curveto
2.21788 -8.36218 4.34467 -7.481 5.91284 -5.91284 curveto
7.481 -4.34467 8.36218 -2.21788 8.36218 0 curveto closepath fill
 0 0 0 setrgbcolor
newpath 8.36218 -70.86601 moveto
8.36218 -68.64813 7.481 -66.52135 5.91284 -64.95317 curveto
4.34467 -63.38501 2.21788 -62.50383 0 -62.50383 curveto
-2.21788 -62.50383 -4.34467 -63.38501 -5.91284 -64.95317 curveto
-7.481 -66.52135 -8.36218 -68.64813 -8.36218 -70.86601 curveto
-8.36218 -73.0839 -7.481 -75.21068 -5.91284 -76.77885 curveto
-4.34467 -78.34702 -2.21788 -79.2282 0 -79.2282 curveto
2.21788 -79.2282 4.34467 -78.34702 5.91284 -76.77885 curveto
7.481 -75.21068 8.36218 -73.0839 8.36218 -70.86601 curveto closepath stroke
 1 1 1 setrgbcolor
newpath 8.36218 -70.86601 moveto
8.36218 -68.64813 7.481 -66.52135 5.91284 -64.95317 curveto
4.34467 -63.38501 2.21788 -62.50383 0 -62.50383 curveto
-2.21788 -62.50383 -4.34467 -63.38501 -5.91284 -64.95317 curveto
-7.481 -66.52135 -8.36218 -68.64813 -8.36218 -70.86601 curveto
-8.36218 -73.0839 -7.481 -75.21068 -5.91284 -76.77885 curveto
-4.34467 -78.34702 -2.21788 -79.2282 0 -79.2282 curveto
2.21788 -79.2282 4.34467 -78.34702 5.91284 -76.77885 curveto
7.481 -75.21068 8.36218 -73.0839 8.36218 -70.86601 curveto closepath fill
 0 0 0 setrgbcolor
newpath 121.7478 0 moveto
121.7478 2.21788 120.86662 4.34467 119.29846 5.91284 curveto
117.73029 7.481 115.6035 8.36218 113.38562 8.36218 curveto
111.16774 8.36218 109.04095 7.481 107.47278 5.91284 curveto
105.90462 4.34467 105.02344 2.21788 105.02344 0 curveto
105.02344 -2.21788 105.90462 -4.34467 107.47278 -5.91284 curveto
109.04095 -7.481 111.16774 -8.36218 113.38562 -8.36218 curveto
115.6035 -8.36218 117.73029 -7.481 119.29846 -5.91284 curveto
120.86662 -4.34467 121.7478 -2.21788 121.7478 0 curveto closepath stroke
 1 1 1 setrgbcolor
newpath 121.7478 0 moveto
121.7478 2.21788 120.86662 4.34467 119.29846 5.91284 curveto
117.73029 7.481 115.6035 8.36218 113.38562 8.36218 curveto
111.16774 8.36218 109.04095 7.481 107.47278 5.91284 curveto
105.90462 4.34467 105.02344 2.21788 105.02344 0 curveto
105.02344 -2.21788 105.90462 -4.34467 107.47278 -5.91284 curveto
109.04095 -7.481 111.16774 -8.36218 113.38562 -8.36218 curveto
115.6035 -8.36218 117.73029 -7.481 119.29846 -5.91284 curveto
120.86662 -4.34467 121.7478 -2.21788 121.7478 0 curveto closepath fill
 0 0 0 setrgbcolor
newpath 121.7478 -70.86601 moveto
121.7478 -68.64813 120.86662 -66.52135 119.29846 -64.95317 curveto
117.73029 -63.38501 115.6035 -62.50383 113.38562 -62.50383 curveto
111.16774 -62.50383 109.04095 -63.38501 107.47278 -64.95317 curveto
105.90462 -66.52135 105.02344 -68.64813 105.02344 -70.86601 curveto
105.02344 -73.0839 105.90462 -75.21068 107.47278 -76.77885 curveto
109.04095 -78.34702 111.16774 -79.2282 113.38562 -79.2282 curveto
115.6035 -79.2282 117.73029 -78.34702 119.29846 -76.77885 curveto
120.86662 -75.21068 121.7478 -73.0839 121.7478 -70.86601 curveto closepath stroke
 1 1 1 setrgbcolor
newpath 121.7478 -70.86601 moveto
121.7478 -68.64813 120.86662 -66.52135 119.29846 -64.95317 curveto
117.73029 -63.38501 115.6035 -62.50383 113.38562 -62.50383 curveto
111.16774 -62.50383 109.04095 -63.38501 107.47278 -64.95317 curveto
105.90462 -66.52135 105.02344 -68.64813 105.02344 -70.86601 curveto
105.02344 -73.0839 105.90462 -75.21068 107.47278 -76.77885 curveto
109.04095 -78.34702 111.16774 -79.2282 113.38562 -79.2282 curveto
115.6035 -79.2282 117.73029 -78.34702 119.29846 -76.77885 curveto
120.86662 -75.21068 121.7478 -73.0839 121.7478 -70.86601 curveto closepath fill
 0 0 0 setrgbcolor
newpath 235.13342 0 moveto
235.13342 2.21788 234.25224 4.34467 232.68408 5.91284 curveto
231.1159 7.481 228.98912 8.36218 226.77124 8.36218 curveto
224.55336 8.36218 222.42657 7.481 220.8584 5.91284 curveto
219.29024 4.34467 218.40906 2.21788 218.40906 0 curveto
218.40906 -2.21788 219.29024 -4.34467 220.8584 -5.91284 curveto
222.42657 -7.481 224.55336 -8.36218 226.77124 -8.36218 curveto
228.98912 -8.36218 231.1159 -7.481 232.68408 -5.91284 curveto
234.25224 -4.34467 235.13342 -2.21788 235.13342 0 curveto closepath stroke
 1 1 1 setrgbcolor
newpath 235.13342 0 moveto
235.13342 2.21788 234.25224 4.34467 232.68408 5.91284 curveto
231.1159 7.481 228.98912 8.36218 226.77124 8.36218 curveto
224.55336 8.36218 222.42657 7.481 220.8584 5.91284 curveto
219.29024 4.34467 218.40906 2.21788 218.40906 0 curveto
218.40906 -2.21788 219.29024 -4.34467 220.8584 -5.91284 curveto
222.42657 -7.481 224.55336 -8.36218 226.77124 -8.36218 curveto
228.98912 -8.36218 231.1159 -7.481 232.68408 -5.91284 curveto
234.25224 -4.34467 235.13342 -2.21788 235.13342 0 curveto closepath fill
 0 0 0 setrgbcolor
newpath 235.13342 -70.86601 moveto
235.13342 -68.64813 234.25224 -66.52135 232.68408 -64.95317 curveto
231.1159 -63.38501 228.98912 -62.50383 226.77124 -62.50383 curveto
224.55336 -62.50383 222.42657 -63.38501 220.8584 -64.95317 curveto
219.29024 -66.52135 218.40906 -68.64813 218.40906 -70.86601 curveto
218.40906 -73.0839 219.29024 -75.21068 220.8584 -76.77885 curveto
222.42657 -78.34702 224.55336 -79.2282 226.77124 -79.2282 curveto
228.98912 -79.2282 231.1159 -78.34702 232.68408 -76.77885 curveto
234.25224 -75.21068 235.13342 -73.0839 235.13342 -70.86601 curveto closepath stroke
 1 1 1 setrgbcolor
newpath 235.13342 -70.86601 moveto
235.13342 -68.64813 234.25224 -66.52135 232.68408 -64.95317 curveto
231.1159 -63.38501 228.98912 -62.50383 226.77124 -62.50383 curveto
224.55336 -62.50383 222.42657 -63.38501 220.8584 -64.95317 curveto
219.29024 -66.52135 218.40906 -68.64813 218.40906 -70.86601 curveto
218.40906 -73.0839 219.29024 -75.21068 220.8584 -76.77885 curveto
222.42657 -78.34702 224.55336 -79.2282 226.77124 -79.2282 curveto
228.98912 -79.2282 231.1159 -78.34702 232.68408 -76.77885 curveto
234.25224 -75.21068 235.13342 -73.0839 235.13342 -70.86601 curveto closepath fill
 0 0 0 setrgbcolor
-2.63306 -2.14476 moveto
(a) cmmi10 9.96265 fshow
-2.1378 -74.32527 moveto
(b) cmmi10 9.96265 fshow
111.22992 -2.14476 moveto
(c) cmmi10 9.96265 fshow
110.79292 -74.32527 moveto
(d) cmmi10 9.96265 fshow
224.45178 -2.14476 moveto
(e) cmmi10 9.96265 fshow
223.79628 -73.35667 moveto
(f) cmmi10 9.96265 fshow
 0.5 0 dtransform exch truncate exch idtransform pop setlinewidth 1 setlinecap
newpath 0 -8.36192 moveto
0 -35.43301 lineto
0 -62.50409 lineto stroke
 0 0.5 dtransform truncate idtransform setlinewidth pop
newpath -1.53082 -58.80844 moveto
0 -62.50409 lineto
1.53082 -58.80844 lineto
 closepath
gsave fill grestore stroke
newpath 8.36256 0 moveto
56.69281 0 lineto
105.02306 0 lineto stroke
newpath 101.32758 -1.53076 moveto
105.02306 0 lineto
101.32758 1.53076 lineto
 closepath
gsave fill grestore stroke
newpath 7.09094 -4.43184 moveto
56.69281 -35.43301 lineto
106.29468 -66.43417 lineto stroke
newpath 102.34929 -65.77359 moveto
106.29468 -66.43417 lineto
103.97203 -63.17722 lineto
 closepath
gsave fill grestore stroke
newpath 7.09094 -66.43417 moveto
56.69281 -35.433 lineto
106.29468 -4.43184 lineto stroke
newpath 103.97203 -7.6888 moveto
106.29468 -4.43184 lineto
102.34929 -5.09242 lineto
 closepath
gsave fill grestore stroke
newpath 8.36256 -70.86601 moveto
56.69281 -70.86601 lineto
105.02306 -70.86601 lineto stroke
newpath 101.32758 -72.39677 moveto
105.02306 -70.86601 lineto
101.32758 -69.33525 lineto
 closepath
gsave fill grestore stroke
newpath 121.63217 -1.38303 moveto
141.45508 -5.22708 160.42705 -12.68726 177.59021 -23.41425 curveto
194.75337 -34.14122 209.77267 -47.92558 221.91441 -64.05945 curveto stroke
newpath 218.44441 -62.06892 moveto
219.60857 -62.71808 220.76532 -63.38162 221.91441 -64.05945 curveto
221.5812 -62.76761 221.23247 -61.48047 220.86833 -60.19826 curveto
 closepath
gsave fill grestore stroke
newpath 118.24245 -64.05945 moveto
130.38419 -47.92558 145.40349 -34.1412 162.56665 -23.41423 curveto
179.72981 -12.68726 198.70178 -5.22708 218.52469 -1.38303 curveto stroke
newpath 215.21487 -3.62988 moveto
216.30853 -2.8679 217.41188 -2.11888 218.52469 -1.38303 curveto
217.21748 -1.11647 215.90768 -0.86589 214.59555 -0.63135 curveto
 closepath
gsave fill grestore stroke
newpath 221.91441 -6.80656 moveto
209.77267 -22.94043 194.75337 -36.72481 177.59021 -47.45178 curveto
160.42705 -58.17876 141.45508 -65.63893 121.63217 -69.48299 curveto stroke
newpath 124.94199 -67.23613 moveto
123.84833 -67.99811 122.74498 -68.74713 121.63217 -69.48299 curveto
122.93938 -69.74954 124.24918 -70.00012 125.56131 -70.23466 curveto
 closepath
gsave fill grestore stroke
newpath 218.52469 -69.48299 moveto
198.70178 -65.63893 179.72981 -58.17876 162.56665 -47.45177 curveto
145.40349 -36.7248 130.38419 -22.94043 118.24245 -6.80656 curveto stroke
newpath 121.71245 -8.79709 moveto
120.5483 -8.14793 119.39154 -7.48439 118.24245 -6.80656 curveto
118.57565 -8.0984 118.9244 -9.38554 119.28853 -10.66776 curveto
 closepath
gsave fill grestore stroke
newpath 219.3256 -74.67258 moveto
186.37712 -90.80252 150.14401 -99.21242 113.38562 -99.21242 curveto
76.62723 -99.21242 40.39412 -90.80252 7.44563 -74.67258 curveto stroke
newpath 11.43976 -74.88947 moveto
10.10837 -74.82825 8.77695 -74.75597 7.44563 -74.67258 curveto
8.32803 -75.67293 9.21835 -76.66553 10.11649 -77.65027 curveto
 closepath
gsave fill grestore stroke
showpage
%%EOF
